1;1;03.938.048/0001-33;03.120.467/0001-63;8004;9765;9765;3;NFS;U;09/03/17;09/03/17;SC;SC;P;;2,50;80,00;80,00;2,00;0,00;0,00;80,00;0,00;2,00;2,00;80,00;Isenção INSS (Art. 118, inciso V, da IN/RFB nº 971/2009);0000000000;0,00;0,00;0,00
3;709;0,000;80,00;2;01;0;2,50;0;0,00;;1;1;0,65;0,00;0,00;3,00;0,00;0,00
4;1;9765/17;16/03/17;78,00;1191;M?s 02/2017 - contrato;02/2017;01
8;1488;78,00
9;1488;365;78,00
6;C;365;80,00
14;1708;80,00;0,00;IRRF
14;5960;80,00;0,00;CFSR
14;5979;80,00;0,00;PISR
14;5987;80,00;0,00;CSRF
